0.1 0.1 0.1 0.1 0.1 0.1 0.1 0.1 0.1 0.1 0.1 0.1 0.1 0.1 0.1 0.1 0.1 0.1 0.1 0.1 0.1 0.1 0.1 0.1 0.1 0.1 0.1 0.1 0.1 0.1 0.1 0.1 0.1 0.1 0.1 0.1 0.1 0.1 0.1 0.1 0.1 0.1 0.1 0.1 0.1 0.1 0.1 0.1 0.1 0.1 0.1 0.1 0.1 0.1 0.1 0.1 0.1 0.1 0.1 0.1 0.1 0.1 0.1 0.1 0.1 0.1 0.1 0.1 0.1 0.1 0.1 0.1 0.1 0.1 0.1 0.1 0.1 0.1 0.1 0.1 0.1 0.1 0.1 0.1 0.1 0.1 0.1 0.1 0.1 0.1 0.1 0.1 0.1 0.1 0.1 0.1 0.1 0.1 0.1 0.1 
0.1 0.1 0.1 0.1 0.1 0.1 0.1 0.1 0.1 0.1 0.1 0.1 0.1 0.1 0.1 0.1 0.1 0.1 0.1 0.1 0.1 0.1 0.1 0.1 0.1 0.1 0.1 0.1 0.1 0.1 0.1 0.1 0.1 0.1 0.1 0.1 0.1 0.1 0.1 0.1 0.1 4.24264 5.91608 7.07107 7.93725 8.60233 9.11043 9.48683 9.74679 9.8995 9.94987 9.8995 9.74679 9.48683 9.11043 8.60233 7.93725 7.07107 5.91608 4.24264 0.1 0.1 0.1 0.1 0.1 0.1 0.1 0.1 0.1 0.1 0.1 0.1 0.1 0.1 0.1 0.1 0.1 0.1 0.1 0.1 0.1 0.1 0.1 0.1 0.1 0.1 0.1 0.1 0.1 0.1 0.1 0.1 0.1 0.1 0.1 0.1 0.1 0.1 0.1 0.1 
0.1 0.1 0.1 0.1 0.1 0.1 0.1 0.1 0.1 0.1 0.1 0.1 0.1 0.1 0.1 0.1 0.1 0.1 0.1 0.1 0.1 0.1 0.1 0.1 0.1 0.1 0.1 0.1 0.1 0.1 0.1 0.1 0.1 0.1 0.1 0.1 2.63418e-07 5.19615 7.2111 8.66025 9.79796 10.7238 11.4891 12.1244 12.6491 13.0767 13.4164 13.6748 13.8564 13.9642 14 13.9642 13.8564 13.6748 13.4164 13.0767 12.6491 12.1244 11.4891 10.7238 9.79796 8.66025 7.2111 5.19615 2.63418e-07 0.1 0.1 0.1 0.1 0.1 0.1 0.1 0.1 0.1 0.1 0.1 0.1 0.1 0.1 0.1 0.1 0.1 0.1 0.1 0.1 0.1 0.1 0.1 0.1 0.1 0.1 0.1 0.1 0.1 0.1 0.1 0.1 0.1 0.1 0.1 
0.1 0.1 0.1 0.1 0.1 0.1 0.1 0.1 0.1 0.1 0.1 0.1 0.1 0.1 0.1 0.1 0.1 0.1 0.1 0.1 0.1 0.1 0.1 0.1 0.1 0.1 0.1 0.1 0.1 0.1 0.1 0.1 0.1 1.41421 5.91608 8.12404 9.74679 11.0454 12.1244 13.0384 13.8203 14.4914 15.0665 15.5563 15.9687 16.3095 16.5831 16.7929 16.9411 17.0294 17.0587 17.0294 16.9411 16.7929 16.5831 16.3095 15.9687 15.5563 15.0665 14.4914 13.8203 13.0384 12.1244 11.0454 9.74679 8.12404 5.91608 1.41421 0.1 0.1 0.1 0.1 0.1 0.1 0.1 0.1 0.1 0.1 0.1 0.1 0.1 0.1 0.1 0.1 0.1 0.1 0.1 0.1 0.1 0.1 0.1 0.1 0.1 0.1 0.1 0.1 0.1 0.1 0.1 0.1 
0.1 0.1 0.1 0.1 0.1 0.1 0.1 0.1 0.1 0.1 0.1 0.1 0.1 0.1 0.1 0.1 0.1 0.1 0.1 0.1 0.1 0.1 0.1 0.1 0.1 0.1 0.1 0.1 0.1 0.1 0.1 4.79583 7.74597 9.74679 11.3137 12.6095 13.7113 14.6629 15.4919 16.2173 16.8523 17.4069 17.8885 18.303 18.6548 18.9473 19.1833 19.3649 19.4936 19.5704 19.5959 19.5704 19.4936 19.3649 19.1833 18.9473 18.6548 18.303 17.8885 17.4069 16.8523 16.2173 15.4919 14.6629 13.7113 12.6095 11.3137 9.74679 7.74597 4.79583 0.1 0.1 0.1 0.1 0.1 0.1 0.1 0.1 0.1 0.1 0.1 0.1 0.1 0.1 0.1 0.1 0.1 0.1 0.1 0.1 0.1 0.1 0.1 0.1 0.1 0.1 0.1 0.1 0.1 0.1 
0.1 0.1 0.1 0.1 0.1 0.1 0.1 0.1 0.1 0.1 0.1 0.1 0.1 0.1 0.1 0.1 0.1 0.1 0.1 0.1 0.1 0.1 0.1 0.1 0.1 0.1 0.1 0.1 0.1 5.83095 8.66025 10.6771 12.2882 13.6382 14.7986 15.8114 16.7033 17.4929 18.1934 18.8149 19.3649 19.8494 20.2731 20.6398 20.9523 21.2132 21.4243 21.587 21.7025 21.7715 21.7945 21.7715 21.7025 21.587 21.4243 21.2132 20.9523 20.6398 20.2731 19.8494 19.3649 18.8149 18.1934 17.4929 16.7033 15.8114 14.7986 13.6382 12.2882 10.6771 8.66025 5.83095 0.1 0.1 0.1 0.1 0.1 0.1 0.1 0.1 0.1 0.1 0.1 0.1 0.1 0.1 0.1 0.1 0.1 0.1 0.1 0.1 0.1 0.1 0.1 0.1 0.1 0.1 0.1 0.1 
0.1 0.1 0.1 0.1 0.1 0.1 0.1 0.1 0.1 0.1 0.1 0.1 0.1 0.1 0.1 0.1 0.1 0.1 0.1 0.1 0.1 0.1 0.1 0.1 0.1 0.1 0.1 5.91608 8.94427 11.0905 12.8062 14.2478 15.4919 16.5831 17.5499 18.412 19.1833 19.8746 20.4939 21.0476 21.5407 21.9773 22.3607 22.6936 22.9783 23.2164 23.4094 23.5584 23.6643 23.7276 23.7487 23.7276 23.6643 23.5584 23.4094 23.2164 22.9783 22.6936 22.3607 21.9773 21.5407 21.0476 20.4939 19.8746 19.1833 18.412 17.5499 16.5831 15.4919 14.2478 12.8062 11.0905 8.94427 5.91608 0.1 0.1 0.1 0.1 0.1 0.1 0.1 0.1 0.1 0.1 0.1 0.1 0.1 0.1 0.1 0.1 0.1 0.1 0.1 0.1 0.1 0.1 0.1 0.1 0.1 0.1 
0.1 0.1 0.1 0.1 0.1 0.1 0.1 0.1 0.1 0.1 0.1 0.1 0.1 0.1 0.1 0.1 0.1 0.1 0.1 0.1 0.1 0.1 0.1 0.1 0.1 5.09902 8.66025 11.0454 12.9228 14.4914 15.843 17.0294 18.0831 19.0263 19.8746 20.6398 21.3307 21.9545 22.5167 23.0217 23.4734 23.8747 24.2281 24.5357 24.7992 25.02 25.1992 25.3377 25.4362 25.4951 25.5147 25.4951 25.4362 25.3377 25.1992 25.02 24.7992 24.5357 24.2281 23.8747 23.4734 23.0217 22.5167 21.9545 21.3307 20.6398 19.8746 19.0263 18.0831 17.0294 15.843 14.4914 12.9228 11.0454 8.66025 5.09902 0.1 0.1 0.1 0.1 0.1 0.1 0.1 0.1 0.1 0.1 0.1 0.1 0.1 0.1 0.1 0.1 0.1 0.1 0.1 0.1 0.1 0.1 0.1 0.1 
0.1 0.1 0.1 0.1 0.1 0.1 0.1 0.1 0.1 0.1 0.1 0.1 0.1 0.1 0.1 0.1 0.1 0.1 0.1 0.1 0.1 0.1 0.1 2.64575 7.74597 10.5357 12.6491 14.3875 15.8745 17.1756 18.3303 19.3649 20.2978 21.1424 21.9089 22.6053 23.2379 23.8118 24.3311 24.7992 25.219 25.593 25.923 26.2107 26.4575 26.6646 26.8328 26.9629 27.0555 27.1109 27.1293 27.1109 27.0555 26.9629 26.8328 26.6646 26.4575 26.2107 25.923 25.593 25.219 24.7992 24.3311 23.8118 23.2379 22.6053 21.9089 21.1424 20.2978 19.3649 18.3303 17.1756 15.8745 14.3875 12.6491 10.5357 7.74597 2.64575 0.1 0.1 0.1 0.1 0.1 0.1 0.1 0.1 0.1 0.1 0.1 0.1 0.1 0.1 0.1 0.1 0.1 0.1 0.1 0.1 0.1 0.1 
0.1 0.1 0.1 0.1 0.1 0.1 0.1 0.1 0.1 0.1 0.1 0.1 0.1 0.1 0.1 0.1 0.1 0.1 0.1 0.1 0.1 0.1 5.91608 9.48683 11.9583 13.9284 15.5885 17.0294 18.303 19.4422 20.4695 21.4009 22.2486 23.0217 23.7276 24.3721 24.96 25.4951 25.9808 26.4197 26.8142 27.1662 27.4773 27.7489 27.9821 28.178 28.3373 28.4605 28.5482 28.6007 28.6182 28.6007 28.5482 28.4605 28.3373 28.178 27.9821 27.7489 27.4773 27.1662 26.8142 26.4197 25.9808 25.4951 24.96 24.3721 23.7276 23.0217 22.2486 21.4009 20.4695 19.4422 18.303 17.0294 15.5885 13.9284 11.9583 9.48683 5.91608 0.1 0.1 0.1 0.1 0.1 0.1 0.1 0.1 0.1 0.1 0.1 0.1 0.1 0.1 0.1 0.1 0.1 0.1 0.1 0.1 0.1 
0.1 0.1 0.1 0.1 0.1 0.1 0.1 0.1 0.1 0.1 0.1 0.1 0.1 0.1 0.1 0.1 0.1 0.1 0.1 0.1 0.1 7.68115 10.7703 13.0767 14.9666 16.5831 18 19.2614 20.3961 21.4243 22.3607 23.2164 24 24.7184 25.3772 25.9808 26.533 27.037 27.4955 27.9106 28.2843 28.6182 28.9137 29.1719 29.3939 29.5804 29.7321 29.8496 29.9333 29.9833 30 29.9833 29.9333 29.8496 29.7321 29.5804 29.3939 29.1719 28.9137 28.6182 28.2843 27.9106 27.4955 27.037 26.533 25.9808 25.3772 24.7184 24 23.2164 22.3607 21.4243 20.3961 19.2614 18 16.5831 14.9666 13.0767 10.7703 7.68115 0.1 0.1 0.1 0.1 0.1 0.1 0.1 0.1 0.1 0.1 0.1 0.1 0.1 0.1 0.1 0.1 0.1 0.1 0.1 0.1 
0.1 0.1 0.1 0.1 0.1 0.1 0.1 0.1 0.1 0.1 0.1 0.1 0.1 0.1 0.1 0.1 0.1 0.1 0.1 4.24264 8.88819 11.7473 13.9642 15.8114 17.4069 18.8149 20.0749 21.2132 22.2486 23.1948 24.0624 24.8596 25.593 26.2679 26.8887 27.4591 27.9821 28.4605 28.8964 29.2916 29.6479 29.9666 30.249 30.4959 30.7083 30.8869 31.0322 31.1448 31.225 31.273 31.289 31.273 31.225 31.1448 31.0322 30.8869 30.7083 30.4959 30.249 29.9666 29.6479 29.2916 28.8964 28.4605 27.9821 27.4591 26.8887 26.2679 25.593 24.8596 24.0624 23.1948 22.2486 21.2132 20.0749 18.8149 17.4069 15.8114 13.9642 11.7473 8.88819 4.24264 0.1 0.1 0.1 0.1 0.1 0.1 0.1 0.1 0.1 0.1 0.1 0.1 0.1 0.1 0.1 0.1 0.1 0.1 
0.1 0.1 0.1 0.1 0.1 0.1 0.1 0.1 0.1 0.1 0.1 0.1 0.1 0.1 0.1 0.1 0.1 0.1 5.65685 9.74679 12.49 14.6629 16.4924 18.0831 19.4936 20.7605 21.9089 22.9565 23.9165 24.7992 25.6125 26.3629 27.0555 27.6948 28.2843 28.8271 29.3258 29.7825 30.1993 30.5778 30.9193 31.225 31.496 31.7333 31.9374 32.1092 32.249 32.3574 32.4346 32.4808 32.4962 32.4808 32.4346 32.3574 32.249 32.1092 31.9374 31.7333 31.496 31.225 30.9193 30.5778 30.1993 29.7825 29.3258 28.8271 28.2843 27.6948 27.0555 26.3629 25.6125 24.7992 23.9165 22.9565 21.9089 20.7605 19.4936 18.0831 16.4924 14.6629 12.49 9.74679 5.65685 0.1 0.1 0.1 0.1 0.1 0.1 0.1 0.1 0.1 0.1 0.1 0.1 0.1 0.1 0.1 0.1 0.1 
0.1 0.1 0.1 0.1 0.1 0.1 0.1 0.1 0.1 0.1 0.1 0.1 0.1 0.1 0.1 0.1 0.1 6.48074 10.3441 13.0384 15.1987 17.0294 18.6279 20.0499 21.3307 22.4944 23.5584 24.5357 25.4362 26.2679 27.037 27.7489 28.4077 29.0172 29.5804 30.0998 30.5778 31.0161 31.4166 31.7805 32.1092 32.4037 32.665 32.8938 33.0908 33.2566 33.3916 33.4963 33.5708 33.6155 33.6303 33.6155 33.5708 33.4963 33.3916 33.2566 33.0908 32.8938 32.665 32.4037 32.1092 31.7805 31.4166 31.0161 30.5778 30.0998 29.5804 29.0172 28.4077 27.7489 27.037 26.2679 25.4362 24.5357 23.5584 22.4944 21.3307 20.0499 18.6279 17.0294 15.1987 13.0384 10.3441 6.48074 0.1 0.1 0.1 0.1 0.1 0.1 0.1 0.1 0.1 0.1 0.1 0.1 0.1 0.1 0.1 0.1 
0.1 0.1 0.1 0.1 0.1 0.1 0.1 0.1 0.1 0.1 0.1 0.1 0.1 0.1 0.1 0.1 6.9282 10.7238 13.4164 15.5885 17.4356 19.0526 20.4939 21.7945 22.9783 24.0624 25.0599 25.9808 26.8328 27.6225 28.3549 29.0345 29.6648 30.249 30.7896 31.289 31.749 32.1714 32.5576 32.909 33.2265 33.5112 33.7639 33.9853 34.176 34.3366 34.4674 34.5688 34.641 34.6843 34.6987 34.6843 34.641 34.5688 34.4674 34.3366 34.176 33.9853 33.7639 33.5112 33.2265 32.909 32.5576 32.1714 31.749 31.289 30.7896 30.249 29.6648 29.0345 28.3549 27.6225 26.8328 25.9808 25.0599 24.0624 22.9783 21.7945 20.4939 19.0526 17.4356 15.5885 13.4164 10.7238 6.9282 0.1 0.1 0.1 0.1 0.1 0.1 0.1 0.1 0.1 0.1 0.1 0.1 0.1 0.1 0.1 
0.1 0.1 0.1 0.1 0.1 0.1 0.1 0.1 0.1 0.1 0.1 0.1 0.1 0.1 0.1 7.07107 10.9087 13.6382 15.843 17.72 19.3649 20.8327 22.1585 23.3666 24.4745 25.4951 26.4386 27.313 28.1247 28.8791 29.5804 30.2324 30.8383 31.4006 31.9218 32.4037 32.8481 33.2566 33.6303 33.9706 34.2783 34.5543 34.7994 35.0143 35.1994 35.3553 35.4824 35.5809 35.6511 35.6931 35.7071 35.6931 35.6511 35.5809 35.4824 35.3553 35.1994 35.0143 34.7994 34.5543 34.2783 33.9706 33.6303 33.2566 32.8481 32.4037 31.9218 31.4006 30.8383 30.2324 29.5804 28.8791 28.1247 27.313 26.4386 25.4951 24.4745 23.3666 22.1585 20.8327 19.3649 17.72 15.843 13.6382 10.9087 7.07107 0.1 0.1 0.1 0.1 0.1 0.1 0.1 0.1 0.1 0.1 0.1 0.1 0.1 0.1 
0.1 0.1 0.1 0.1 0.1 0.1 0.1 0.1 0.1 0.1 0.1 0.1 0.1 0.1 6.9282 10.9087 13.7113 15.9687 17.8885 19.5704 21.0713 22.4277 23.6643 24.7992 25.8457 26.8142 27.7128 28.5482 29.3258 30.05 30.7246 31.3528 31.9374 32.4808 32.9848 33.4515 33.8821 34.2783 34.641 34.9714 35.2704 35.5387 35.7771 35.9861 36.1663 36.318 36.4417 36.5377 36.606 36.647 36.6606 36.647 36.606 36.5377 36.4417 36.318 36.1663 35.9861 35.7771 35.5387 35.2704 34.9714 34.641 34.2783 33.8821 33.4515 32.9848 32.4808 31.9374 31.3528 30.7246 30.05 29.3258 28.5482 27.7128 26.8142 25.8457 24.7992 23.6643 22.4277 21.0713 19.5704 17.8885 15.9687 13.7113 10.9087 6.9282 0.1 0.1 0.1 0.1 0.1 0.1 0.1 0.1 0.1 0.1 0.1 0.1 0.1 
0.1 0.1 0.1 0.1 0.1 0.1 0.1 0.1 0.1 0.1 0.1 0.1 0.1 6.48074 10.7238 13.6382 15.9687 17.9444 19.6723 21.2132 22.6053 23.8747 25.04 26.1151 27.1109 28.0357 28.8964 29.6985 30.4467 31.1448 31.7962 32.4037 32.9697 33.4963 33.9853 34.4384 34.8568 35.242 35.5949 35.9166 36.2077 36.4692 36.7015 36.9053 37.081 37.229 37.3497 37.4433 37.51 37.55 37.5633 37.55 37.51 37.4433 37.3497 37.229 37.081 36.9053 36.7015 36.4692 36.2077 35.9166 35.5949 35.242 34.8568 34.4384 33.9853 33.4963 32.9697 32.4037 31.7962 31.1448 30.4467 29.6985 28.8964 28.0357 27.1109 26.1151 25.04 23.8747 22.6053 21.2132 19.6723 17.9444 15.9687 13.6382 10.7238 6.48074 0.1 0.1 0.1 0.1 0.1 0.1 0.1 0.1 0.1 0.1 0.1 0.1 
0.1 0.1 0.1 0.1 0.1 0.1 0.1 0.1 0.1 0.1 0.1 0.1 5.65685 10.3441 13.4164 15.843 17.8885 19.6723 21.2603 22.6936 24 25.1992 26.3059 27.3313 28.2843 29.1719 30 30.7734 31.496 32.1714 32.8024 33.3916 33.9411 34.4529 34.9285 35.3695 35.7771 36.1525 36.4966 36.8103 37.0945 37.3497 37.5766 37.7757 37.9473 38.092 38.2099 38.3014 38.3667 38.4057 38.4187 38.4057 38.3667 38.3014 38.2099 38.092 37.9473 37.7757 37.5766 37.3497 37.0945 36.8103 36.4966 36.1525 35.7771 35.3695 34.9285 34.4529 33.9411 33.3916 32.8024 32.1714 31.496 30.7734 30 29.1719 28.2843 27.3313 26.3059 25.1992 24 22.6936 21.2603 19.6723 17.8885 15.843 13.4164 10.3441 5.65685 0.1 0.1 0.1 0.1 0.1 0.1 0.1 0.1 0.1 0.1 0.1 
0.1 0.1 0.1 0.1 0.1 0.1 0.1 0.1 0.1 0.1 0.1 4.24264 9.74679 13.0384 15.5885 17.72 19.5704 21.2132 22.6936 24.0416 25.2785 26.4197 27.4773 28.4605 29.3769 30.2324 31.0322 31.7805 32.4808 33.1361 33.7491 34.322 34.8568 35.3553 35.819 36.2491 36.647 37.0135 37.3497 37.6563 37.9342 38.1838 38.4057 38.6005 38.7685 38.9102 39.0256 39.1152 39.1791 39.2173 39.2301 39.2173 39.1791 39.1152 39.0256 38.9102 38.7685 38.6005 38.4057 38.1838 37.9342 37.6563 37.3497 37.0135 36.647 36.2491 35.819 35.3553 34.8568 34.322 33.7491 33.1361 32.4808 31.7805 31.0322 30.2324 29.3769 28.4605 27.4773 26.4197 25.2785 24.0416 22.6936 21.2132 19.5704 17.72 15.5885 13.0384 9.74679 4.24264 0.1 0.1 0.1 0.1 0.1 0.1 0.1 0.1 0.1 0.1 
0.1 0.1 0.1 0.1 0.1 0.1 0.1 0.1 0.1 0.1 0.1 8.88819 12.49 15.1987 17.4356 19.3649 21.0713 22.6053 24 25.2785 26.4575 27.55 28.5657 29.5127 30.3974 31.225 32 32.7261 33.4066 34.0441 34.641 35.1994 35.7211 36.2077 36.6606 37.081 37.47 37.8286 38.1576 38.4578 38.7298 38.9743 39.1918 39.3827 39.5474 39.6863 39.7995 39.8873 39.95 39.9875 40 39.9875 39.95 39.8873 39.7995 39.6863 39.5474 39.3827 39.1918 38.9743 38.7298 38.4578 38.1576 37.8286 37.47 37.081 36.6606 36.2077 35.7211 35.1994 34.641 34.0441 33.4066 32.7261 32 31.225 30.3974 29.5127 28.5657 27.55 26.4575 25.2785 24 22.6053 21.0713 19.3649 17.4356 15.1987 12.49 8.88819 0.1 0.1 0.1 0.1 0.1 0.1 0.1 0.1 0.1 0.1 
0.1 0.1 0.1 0.1 0.1 0.1 0.1 0.1 0.1 0.1 7.68115 11.7473 14.6629 17.0294 19.0526 20.8327 22.4277 23.8747 25.1992 26.4197 27.55 28.6007 29.5804 30.4959 31.3528 32.1559 32.909 33.6155 34.2783 34.8999 35.4824 36.0278 36.5377 37.0135 37.4566 37.8682 38.2492 38.6005 38.923 39.2173 39.4842 39.724 39.9375 40.1248 40.2865 40.4228 40.5339 40.6202 40.6817 40.7185 40.7308 40.7185 40.6817 40.6202 40.5339 40.4228 40.2865 40.1248 39.9375 39.724 39.4842 39.2173 38.923 38.6005 38.2492 37.8682 37.4566 37.0135 36.5377 36.0278 35.4824 34.8999 34.2783 33.6155 32.909 32.1559 31.3528 30.4959 29.5804 28.6007 27.55 26.4197 25.1992 23.8747 22.4277 20.8327 19.0526 17.0294 14.6629 11.7473 7.68115 0.1 0.1 0.1 0.1 0.1 0.1 0.1 0.1 0.1 
0.1 0.1 0.1 0.1 0.1 0.1 0.1 0.1 0.1 5.91608 10.7703 13.9642 16.4924 18.6279 20.4939 22.1585 23.6643 25.04 26.3059 27.4773 28.5657 29.5804 30.5287 31.4166 32.249 33.0303 33.7639 34.4529 35.0999 35.7071 36.2767 36.8103 37.3095 37.7757 38.2099 38.6135 38.9872 39.3319 39.6485 39.9375 40.1995 40.4351 40.6448 40.8289 40.9878 41.1218 41.2311 41.3159 41.3763 41.4126 41.4246 41.4126 41.3763 41.3159 41.2311 41.1218 40.9878 40.8289 40.6448 40.4351 40.1995 39.9375 39.6485 39.3319 38.9872 38.6135 38.2099 37.7757 37.3095 36.8103 36.2767 35.7071 35.0999 34.4529 33.7639 33.0303 32.249 31.4166 30.5287 29.5804 28.5657 27.4773 26.3059 25.04 23.6643 22.1585 20.4939 18.6279 16.4924 13.9642 10.7703 5.91608 0.1 0.1 0.1 0.1 0.1 0.1 0.1 0.1 
0.1 0.1 0.1 0.1 0.1 0.1 0.1 0.1 2.64575 9.48683 13.0767 15.8114 18.0831 20.0499 21.7945 23.3666 24.7992 26.1151 27.3313 28.4605 29.5127 30.4959 31.4166 32.28 33.0908 33.8526 34.5688 35.242 35.8748 36.4692 37.027 37.55 38.0395 38.4968 38.923 39.3192 39.6863 40.025 40.3361 40.6202 40.8779 41.1096 41.3159 41.497 41.6533 41.7852 41.8927 41.9762 42.0357 42.0714 42.0833 42.0714 42.0357 41.9762 41.8927 41.7852 41.6533 41.497 41.3159 41.1096 40.8779 40.6202 40.3361 40.025 39.6863 39.3192 38.923 38.4968 38.0395 37.55 37.027 36.4692 35.8748 35.242 34.5688 33.8526 33.0908 32.28 31.4166 30.4959 29.5127 28.4605 27.3313 26.1151 24.7992 23.3666 21.7945 20.0499 18.0831 15.8114 13.0767 9.48683 2.64575 0.1 0.1 0.1 0.1 0.1 0.1 0.1 
0.1 0.1 0.1 0.1 0.1 0.1 0.1 0.1 7.74597 11.9583 14.9666 17.4069 19.4936 21.3307 22.9783 24.4745 25.8457 27.1109 28.2843 29.3769 30.3974 31.3528 32.249 33.0908 33.8821 34.6266 35.327 35.9861 36.606 37.1887 37.7359 38.2492 38.7298 39.1791 39.598 39.9875 40.3485 40.6817 40.9878 41.2674 41.5211 41.7493 41.9524 42.1307 42.2847 42.4146 42.5206 42.6028 42.6615 42.6966 42.7083 42.6966 42.6615 42.6028 42.5206 42.4146 42.2847 42.1307 41.9524 41.7493 41.5211 41.2674 40.9878 40.6817 40.3485 39.9875 39.598 39.1791 38.7298 38.2492 37.7359 37.1887 36.606 35.9861 35.327 34.6266 33.8821 33.0908 32.249 31.3528 30.3974 29.3769 28.2843 27.1109 25.8457 24.4745 22.9783 21.3307 19.4936 17.4069 14.9666 11.9583 7.74597 0.1 0.1 0.1 0.1 0.1 0.1 0.1 
0.1 0.1 0.1 0.1 0.1 0.1 0.1 5.09902 10.5357 13.9284 16.5831 18.8149 20.7605 22.4944 24.0624 25.4951 26.8142 28.0357 29.1719 30.2324 31.225 32.1559 33.0303 33.8526 34.6266 35.3553 36.0416 36.6879 37.2961 37.8682 38.4057 38.9102 39.3827 39.8246 40.2368 40.6202 40.9756 41.3038 41.6053 41.8808 42.1307 42.3556 42.5558 42.7317 42.8836 43.0116 43.1161 43.1972 43.2551 43.2897 43.3013 43.2897 43.2551 43.1972 43.1161 43.0116 42.8836 42.7317 42.5558 42.3556 42.1307 41.8808 41.6053 41.3038 40.9756 40.6202 40.2368 39.8246 39.3827 38.9102 38.4057 37.8682 37.2961 36.6879 36.0416 35.3553 34.6266 33.8526 33.0303 32.1559 31.225 30.2324 29.1719 28.0357 26.8142 25.4951 24.0624 22.4944 20.7605 18.8149 16.5831 13.9284 10.5357 5.09902 0.1 0.1 0.1 0.1 0.1 0.1 
0.1 0.1 0.1 0.1 0.1 0.1 0.1 8.66025 12.6491 15.5885 18 20.0749 21.9089 23.5584 25.0599 26.4386 27.7128 28.8964 30 31.0322 32 32.909 33.7639 34.5688 35.327 36.0416 36.7151 37.3497 37.9473 38.5097 39.0384 39.5348 40 40.4351 40.8412 41.2189 41.5692 41.8927 42.19 42.4617 42.7083 42.9302 43.1277 43.3013 43.4511 43.5775 43.6807 43.7607 43.8178 43.852 43.8634 43.852 43.8178 43.7607 43.6807 43.5775 43.4511 43.3013 43.1277 42.9302 42.7083 42.4617 42.19 41.8927 41.5692 41.2189 40.8412 40.4351 40 39.5348 39.0384 38.5097 37.9473 37.3497 36.7151 36.0416 35.327 34.5688 33.7639 32.909 32 31.0322 30 28.8964 27.7128 26.4386 25.0599 23.5584 21.9089 20.0749 18 15.5885 12.6491 8.66025 0.1 0.1 0.1 0.1 0.1 0.1 
0.1 0.1 0.1 0.1 0.1 0.1 5.91608 11.0454 14.3875 17.0294 19.2614 21.2132 22.9565 24.5357 25.9808 27.313 28.5482 29.6985 30.7734 31.7805 32.7261 33.6155 34.4529 35.242 35.9861 36.6879 37.3497 37.9737 38.5616 39.1152 39.6358 40.1248 40.5832 41.0122 41.4126 41.7852 42.1307 42.45 42.7434 43.0116 43.2551 43.4741 43.6692 43.8406 43.9886 44.1135 44.2154 44.2945 44.3509 44.3847 44.3959 44.3847 44.3509 44.2945 44.2154 44.1135 43.9886 43.8406 43.6692 43.4741 43.2551 43.0116 42.7434 42.45 42.1307 41.7852 41.4126 41.0122 40.5832 40.1248 39.6358 39.1152 38.5616 37.9737 37.3497 36.6879 35.9861 35.242 34.4529 33.6155 32.7261 31.7805 30.7734 29.6985 28.5482 27.313 25.9808 24.5357 22.9565 21.2132 19.2614 17.0294 14.3875 11.0454 5.91608 0.1 0.1 0.1 0.1 0.1 
0.1 0.1 0.1 0.1 0.1 0.1 8.94427 12.9228 15.8745 18.303 20.3961 22.2486 23.9165 25.4362 26.8328 28.1247 29.3258 30.4467 31.496 32.4808 33.4066 34.2783 35.0999 35.8748 36.606 37.2961 37.9473 38.5616 39.1408 39.6863 40.1995 40.6817 41.1339 41.5572 41.9524 42.3202 42.6615 42.9767 43.2666 43.5316 43.7721 43.9886 44.1814 44.3509 44.4972 44.6206 44.7214 44.7996 44.8553 44.8888 44.8999 44.8888 44.8553 44.7996 44.7214 44.6206 44.4972 44.3509 44.1814 43.9886 43.7721 43.5316 43.2666 42.9767 42.6615 42.3202 41.9524 41.5572 41.1339 40.6817 40.1995 39.6863 39.1408 38.5616 37.9473 37.2961 36.606 35.8748 35.0999 34.2783 33.4066 32.4808 31.496 30.4467 29.3258 28.1247 26.8328 25.4362 23.9165 22.2486 20.3961 18.303 15.8745 12.9228 8.94427 0.1 0.1 0.1 0.1 0.1 
0.1 0.1 0.1 0.1 0.1 5.83095 11.0905 14.4914 17.1756 19.4422 21.4243 23.1948 24.7992 26.2679 27.6225 28.8791 30.05 31.1448 32.1714 33.1361 34.0441 34.8999 35.7071 36.4692 37.1887 37.8682 38.5097 39.1152 39.6863 40.2244 40.7308 41.2068 41.6533 42.0714 42.4617 42.8252 43.1625 43.4741 43.7607 44.0227 44.2606 44.4747 44.6654 44.833 44.9778 45.0999 45.1996 45.2769 45.3321 45.3652 45.3762 45.3652 45.3321 45.2769 45.1996 45.0999 44.9778 44.833 44.6654 44.4747 44.2606 44.0227 43.7607 43.4741 43.1625 42.8252 42.4617 42.0714 41.6533 41.2068 40.7308 40.2244 39.6863 39.1152 38.5097 37.8682 37.1887 36.4692 35.7071 34.8999 34.0441 33.1361 32.1714 31.1448 30.05 28.8791 27.6225 26.2679 24.7992 23.1948 21.4243 19.4422 17.1756 14.4914 11.0905 5.83095 0.1 0.1 0.1 0.1 
0.1 0.1 0.1 0.1 0.1 8.66025 12.8062 15.843 18.3303 20.4695 22.3607 24.0624 25.6125 27.037 28.3549 29.5804 30.7246 31.7962 32.8024 33.7491 34.641 35.4824 36.2767 37.027 37.7359 38.4057 39.0384 39.6358 40.1995 40.7308 41.2311 41.7013 42.1426 42.5558 42.9418 43.3013 43.6348 43.9431 44.2267 44.486 44.7214 44.9333 45.1221 45.288 45.4313 45.5522 45.6508 45.7275 45.7821 45.8148 45.8258 45.8148 45.7821 45.7275 45.6508 45.5522 45.4313 45.288 45.1221 44.9333 44.7214 44.486 44.2267 43.9431 43.6348 43.3013 42.9418 42.5558 42.1426 41.7013 41.2311 40.7308 40.1995 39.6358 39.0384 38.4057 37.7359 37.027 36.2767 35.4824 34.641 33.7491 32.8024 31.7962 30.7246 29.5804 28.3549 27.037 25.6125 24.0624 22.3607 20.4695 18.3303 15.843 12.8062 8.66025 0.1 0.1 0.1 0.1 
0.1 0.1 0.1 0.1 4.79583 10.6771 14.2478 17.0294 19.3649 21.4009 23.2164 24.8596 26.3629 27.7489 29.0345 30.2324 31.3528 32.4037 33.3916 34.322 35.1994 36.0278 36.8103 37.55 38.2492 38.9102 39.5348 40.1248 40.6817 41.2068 41.7013 42.1663 42.6028 43.0116 43.3935 43.7493 44.0795 44.3847 44.6654 44.9222 45.1553 45.3652 45.5522 45.7165 45.8585 45.9783 46.076 46.1519 46.2061 46.2385 46.2493 46.2385 46.2061 46.1519 46.076 45.9783 45.8585 45.7165 45.5522 45.3652 45.1553 44.9222 44.6654 44.3847 44.0795 43.7493 43.3935 43.0116 42.6028 42.1663 41.7013 41.2068 40.6817 40.1248 39.5348 38.9102 38.2492 37.55 36.8103 36.0278 35.1994 34.322 33.3916 32.4037 31.3528 30.2324 29.0345 27.7489 26.3629 24.8596 23.2164 21.4009 19.3649 17.0294 14.2478 10.6771 4.79583 0.1 0.1 0.1 
0.1 0.1 0.1 0.1 7.74597 12.2882 15.4919 18.0831 20.2978 22.2486 24 25.593 27.0555 28.4077 29.6648 30.8383 31.9374 32.9697 33.9411 34.8568 35.7211 36.5377 37.3095 38.0395 38.7298 39.3827 40 40.5832 41.1339 41.6533 42.1426 42.6028 43.0349 43.4396 43.8178 44.1701 44.4972 44.7996 45.0777 45.3321 45.5631 45.7712 45.9565 46.1194 46.2601 46.3789 46.4758 46.551 46.6047 46.6369 46.6476 46.6369 46.6047 46.551 46.4758 46.3789 46.2601 46.1194 45.9565 45.7712 45.5631 45.3321 45.0777 44.7996 44.4972 44.1701 43.8178 43.4396 43.0349 42.6028 42.1426 41.6533 41.1339 40.5832 40 39.3827 38.7298 38.0395 37.3095 36.5377 35.7211 34.8568 33.9411 32.9697 31.9374 30.8383 29.6648 28.4077 27.0555 25.593 24 22.2486 20.2978 18.0831 15.4919 12.2882 7.74597 0.1 0.1 0.1 
0.1 0.1 0.1 1.41421 9.74679 13.6382 16.5831 19.0263 21.1424 23.0217 24.7184 26.2679 27.6948 29.0172 30.249 31.4006 32.4808 33.4963 34.4529 35.3553 36.2077 37.0135 37.7757 38.4968 39.1791 39.8246 40.4351 41.0122 41.5572 42.0714 42.5558 43.0116 43.4396 43.8406 44.2154 44.5646 44.8888 45.1885 45.4643 45.7165 45.9456 46.1519 46.3357 46.4973 46.6369 46.7547 46.8508 46.9255 46.9787 47.0106 47.0213 47.0106 46.9787 46.9255 46.8508 46.7547 46.6369 46.4973 46.3357 46.1519 45.9456 45.7165 45.4643 45.1885 44.8888 44.5646 44.2154 43.8406 43.4396 43.0116 42.5558 42.0714 41.5572 41.0122 40.4351 39.8246 39.1791 38.4968 37.7757 37.0135 36.2077 35.3553 34.4529 33.4963 32.4808 31.4006 30.249 29.0172 27.6948 26.2679 24.7184 23.0217 21.1424 19.0263 16.5831 13.6382 9.74679 1.41421 0.1 0.1 
0.1 0.1 0.1 5.91608 11.3137 14.7986 17.5499 19.8746 21.9089 23.7276 25.3772 26.8887 28.2843 29.5804 30.7896 31.9218 32.9848 33.9853 34.9285 35.819 36.6606 37.4566 38.2099 38.923 39.598 40.2368 40.8412 41.4126 41.9524 42.4617 42.9418 43.3935 43.8178 44.2154 44.587 44.9333 45.2548 45.5522 45.8258 46.076 46.3033 46.5081 46.6905 46.8508 46.9894 47.1063 47.2017 47.2758 47.3286 47.3603 47.3709 47.3603 47.3286 47.2758 47.2017 47.1063 46.9894 46.8508 46.6905 46.5081 46.3033 46.076 45.8258 45.5522 45.2548 44.9333 44.587 44.2154 43.8178 43.3935 42.9418 42.4617 41.9524 41.4126 40.8412 40.2368 39.598 38.923 38.2099 37.4566 36.6606 35.819 34.9285 33.9853 32.9848 31.9218 30.7896 29.5804 28.2843 26.8887 25.3772 23.7276 21.9089 19.8746 17.5499 14.7986 11.3137 5.91608 0.1 0.1 
0.1 0.1 0.1 8.12404 12.6095 15.8114 18.412 20.6398 22.6053 24.3721 25.9808 27.4591 28.8271 30.0998 31.289 32.4037 33.4515 34.4384 35.3695 36.2491 37.081 37.8682 38.6135 39.3192 39.9875 40.6202 41.2189 41.7852 42.3202 42.8252 43.3013 43.7493 44.1701 44.5646 44.9333 45.2769 45.5961 45.8912 46.1628 46.4112 46.6369 46.8402 47.0213 47.1805 47.3181 47.4342 47.5289 47.6025 47.655 47.6865 47.697 47.6865 47.655 47.6025 47.5289 47.4342 47.3181 47.1805 47.0213 46.8402 46.6369 46.4112 46.1628 45.8912 45.5961 45.2769 44.9333 44.5646 44.1701 43.7493 43.3013 42.8252 42.3202 41.7852 41.2189 40.6202 39.9875 39.3192 38.6135 37.8682 37.081 36.2491 35.3695 34.4384 33.4515 32.4037 31.289 30.0998 28.8271 27.4591 25.9808 24.3721 22.6053 20.6398 18.412 15.8114 12.6095 8.12404 0.1 0.1 
0.1 0.1 0.1 9.74679 13.7113 16.7033 19.1833 21.3307 23.2379 24.96 26.533 27.9821 29.3258 30.5778 31.749 32.8481 33.8821 34.8568 35.7771 36.647 37.47 38.2492 38.9872 39.6863 40.3485 40.9756 41.5692 42.1307 42.6615 43.1625 43.6348 44.0795 44.4972 44.8888 45.2548 45.5961 45.913 46.2061 46.4758 46.7226 46.9468 47.1487 47.3286 47.4868 47.6235 47.7389 47.833 47.9062 47.9583 47.9896 48 47.9896 47.9583 47.9062 47.833 47.7389 47.6235 47.4868 47.3286 47.1487 46.9468 46.7226 46.4758 46.2061 45.913 45.5961 45.2548 44.8888 44.4972 44.0795 43.6348 43.1625 42.6615 42.1307 41.5692 40.9756 40.3485 39.6863 38.9872 38.2492 37.47 36.647 35.7771 34.8568 33.8821 32.8481 31.749 30.5778 29.3258 27.9821 26.533 24.96 23.2379 21.3307 19.1833 16.7033 13.7113 9.74679 0.1 0.1 
0.1 0.1 5.19615 11.0454 14.6629 17.4929 19.8746 21.9545 23.8118 25.4951 27.037 28.4605 29.7825 31.0161 32.1714 33.2566 34.2783 35.242 36.1525 37.0135 37.8286 38.6005 39.3319 40.025 40.6817 41.3038 41.8927 42.45 42.9767 43.4741 43.9431 44.3847 44.7996 45.1885 45.5522 45.8912 46.2061 46.4973 46.7654 47.0106 47.2335 47.4342 47.613 47.7703 47.9062 48.0208 48.1144 48.1871 48.239 48.2701 48.2804 48.2701 48.239 48.1871 48.1144 48.0208 47.9062 47.7703 47.613 47.4342 47.2335 47.0106 46.7654 46.4973 46.2061 45.8912 45.5522 45.1885 44.7996 44.3847 43.9431 43.4741 42.9767 42.45 41.8927 41.3038 40.6817 40.025 39.3319 38.6005 37.8286 37.0135 36.1525 35.242 34.2783 33.2566 32.1714 31.0161 29.7825 28.4605 27.037 25.4951 23.8118 21.9545 19.8746 17.4929 14.6629 11.0454 5.19615 0.1 
0.1 0.1 7.2111 12.1244 15.4919 18.1934 20.4939 22.5167 24.3311 25.9808 27.4955 28.8964 30.1993 31.4166 32.5576 33.6303 34.641 35.5949 36.4966 37.3497 38.1576 38.923 39.6485 40.3361 40.9878 41.6053 42.19 42.7434 43.2666 43.7607 44.2267 44.6654 45.0777 45.4643 45.8258 46.1628 46.4758 46.7654 47.0319 47.2758 47.4974 47.697 47.8748 48.0312 48.1664 48.2804 48.3735 48.4458 48.4974 48.5283 48.5386 48.5283 48.4974 48.4458 48.3735 48.2804 48.1664 48.0312 47.8748 47.697 47.4974 47.2758 47.0319 46.7654 46.4758 46.1628 45.8258 45.4643 45.0777 44.6654 44.2267 43.7607 43.2666 42.7434 42.19 41.6053 40.9878 40.3361 39.6485 38.923 38.1576 37.3497 36.4966 35.5949 34.641 33.6303 32.5576 31.4166 30.1993 28.8964 27.4955 25.9808 24.3311 22.5167 20.4939 18.1934 15.4919 12.1244 7.2111 0.1 
0.1 0.1 8.66025 13.0384 16.2173 18.8149 21.0476 23.0217 24.7992 26.4197 27.9106 29.2916 30.5778 31.7805 32.909 33.9706 34.9714 35.9166 36.8103 37.6563 38.4578 39.2173 39.9375 40.6202 41.2674 41.8808 42.4617 43.0116 43.5316 44.0227 44.486 44.9222 45.3321 45.7165 46.076 46.4112 46.7226 47.0106 47.2758 47.5184 47.7389 47.9375 48.1144 48.2701 48.4045 48.518 48.6107 48.6826 48.734 48.7647 48.775 48.7647 48.734 48.6826 48.6107 48.518 48.4045 48.2701 48.1144 47.9375 47.7389 47.5184 47.2758 47.0106 46.7226 46.4112 46.076 45.7165 45.3321 44.9222 44.486 44.0227 43.5316 43.0116 42.4617 41.8808 41.2674 40.6202 39.9375 39.2173 38.4578 37.6563 36.8103 35.9166 34.9714 33.9706 32.909 31.7805 30.5778 29.2916 27.9106 26.4197 24.7992 23.0217 21.0476 18.8149 16.2173 13.0384 8.66025 0.1 
0.1 0.1 9.79796 13.8203 16.8523 19.3649 21.5407 23.4734 25.219 26.8142 28.2843 29.6479 30.9193 32.1092 33.2265 34.2783 35.2704 36.2077 37.0945 37.9342 38.7298 39.4842 40.1995 40.8779 41.5211 42.1307 42.7083 43.2551 43.7721 44.2606 44.7214 45.1553 45.5631 45.9456 46.3033 46.6369 46.9468 47.2335 47.4974 47.7389 47.9583 48.156 48.3322 48.4871 48.621 48.734 48.8262 48.8979 48.949 48.9796 48.9898 48.9796 48.949 48.8979 48.8262 48.734 48.621 48.4871 48.3322 48.156 47.9583 47.7389 47.4974 47.2335 46.9468 46.6369 46.3033 45.9456 45.5631 45.1553 44.7214 44.2606 43.7721 43.2551 42.7083 42.1307 41.5211 40.8779 40.1995 39.4842 38.7298 37.9342 37.0945 36.2077 35.2704 34.2783 33.2265 32.1092 30.9193 29.6479 28.2843 26.8142 25.219 23.4734 21.5407 19.3649 16.8523 13.8203 9.79796 0.1 
0.1 4.24264 10.7238 14.4914 17.4069 19.8494 21.9773 23.8747 25.593 27.1662 28.6182 29.9666 31.225 32.4037 33.5112 34.5543 35.5387 36.4692 37.3497 38.1838 38.9743 39.724 40.4351 41.1096 41.7493 42.3556 42.9302 43.4741 43.9886 44.4747 44.9333 45.3652 45.7712 46.1519 46.5081 46.8402 47.1487 47.4342 47.697 47.9375 48.156 48.3529 48.5283 48.6826 48.816 48.9285 49.0204 49.0918 49.1427 49.1732 49.1833 49.1732 49.1427 49.0918 49.0204 48.9285 48.816 48.6826 48.5283 48.3529 48.156 47.9375 47.697 47.4342 47.1487 46.8402 46.5081 46.1519 45.7712 45.3652 44.9333 44.4747 43.9886 43.4741 42.9302 42.3556 41.7493 41.1096 40.4351 39.724 38.9743 38.1838 37.3497 36.4692 35.5387 34.5543 33.5112 32.4037 31.225 29.9666 28.6182 27.1662 25.593 23.8747 21.9773 19.8494 17.4069 14.4914 10.7238 4.24264 
0.1 5.91608 11.4891 15.0665 17.8885 20.2731 22.3607 24.2281 25.923 27.4773 28.9137 30.249 31.496 32.665 33.7639 34.7994 35.7771 36.7015 37.5766 38.4057 39.1918 39.9375 40.6448 41.3159 41.9524 42.5558 43.1277 43.6692 44.1814 44.6654 45.1221 45.5522 45.9565 46.3357 46.6905 47.0213 47.3286 47.613 47.8748 48.1144 48.3322 48.5283 48.7032 48.8569 48.9898 49.1019 49.1935 49.2646 49.3153 49.3457 49.3559 49.3457 49.3153 49.2646 49.1935 49.1019 48.9898 48.8569 48.7032 48.5283 48.3322 48.1144 47.8748 47.613 47.3286 47.0213 46.6905 46.3357 45.9565 45.5522 45.1221 44.6654 44.1814 43.6692 43.1277 42.5558 41.9524 41.3159 40.6448 39.9375 39.1918 38.4057 37.5766 36.7015 35.7771 34.7994 33.7639 32.665 31.496 30.249 28.9137 27.4773 25.923 24.2281 22.3607 20.2731 17.8885 15.0665 11.4891 5.91608 
0.1 7.07107 12.1244 15.5563 18.303 20.6398 22.6936 24.5357 26.2107 27.7489 29.1719 30.4959 31.7333 32.8938 33.9853 35.0143 35.9861 36.9053 37.7757 38.6005 39.3827 40.1248 40.8289 41.497 42.1307 42.7317 43.3013 43.8406 44.3509 44.833 45.288 45.7165 46.1194 46.4973 46.8508 47.1805 47.4868 47.7703 48.0312 48.2701 48.4871 48.6826 48.8569 49.0102 49.1427 49.2544 49.3457 49.4166 49.4672 49.4975 49.5076 49.4975 49.4672 49.4166 49.3457 49.2544 49.1427 49.0102 48.8569 48.6826 48.4871 48.2701 48.0312 47.7703 47.4868 47.1805 46.8508 46.4973 46.1194 45.7165 45.288 44.833 44.3509 43.8406 43.3013 42.7317 42.1307 41.497 40.8289 40.1248 39.3827 38.6005 37.7757 36.9053 35.9861 35.0143 33.9853 32.8938 31.7333 30.4959 29.1719 27.7489 26.2107 24.5357 22.6936 20.6398 18.303 15.5563 12.1244 7.07107 
0.1 7.93725 12.6491 15.9687 18.6548 20.9523 22.9783 24.7992 26.4575 27.9821 29.3939 30.7083 31.9374 33.0908 34.176 35.1994 36.1663 37.081 37.9473 38.7685 39.5474 40.2865 40.9878 41.6533 42.2847 42.8836 43.4511 43.9886 44.4972 44.9778 45.4313 45.8585 46.2601 46.6369 46.9894 47.3181 47.6235 47.9062 48.1664 48.4045 48.621 48.816 48.9898 49.1427 49.2747 49.3862 49.4773 49.548 49.5984 49.6286 49.6387 49.6286 49.5984 49.548 49.4773 49.3862 49.2747 49.1427 48.9898 48.816 48.621 48.4045 48.1664 47.9062 47.6235 47.3181 46.9894 46.6369 46.2601 45.8585 45.4313 44.9778 44.4972 43.9886 43.4511 42.8836 42.2847 41.6533 40.9878 40.2865 39.5474 38.7685 37.9473 37.081 36.1663 35.1994 34.176 33.0908 31.9374 30.7083 29.3939 27.9821 26.4575 24.7992 22.9783 20.9523 18.6548 15.9687 12.6491 7.93725 
0.1 8.60233 13.0767 16.3095 18.9473 21.2132 23.2164 25.02 26.6646 28.178 29.5804 30.8869 32.1092 33.2566 34.3366 35.3553 36.318 37.229 38.092 38.9102 39.6863 40.4228 41.1218 41.7852 42.4146 43.0116 43.5775 44.1135 44.6206 45.0999 45.5522 45.9783 46.3789 46.7547 47.1063 47.4342 47.7389 48.0208 48.2804 48.518 48.734 48.9285 49.1019 49.2544 49.3862 49.4975 49.5883 49.6588 49.7092 49.7393 49.7494 49.7393 49.7092 49.6588 49.5883 49.4975 49.3862 49.2544 49.1019 48.9285 48.734 48.518 48.2804 48.0208 47.7389 47.4342 47.1063 46.7547 46.3789 45.9783 45.5522 45.0999 44.6206 44.1135 43.5775 43.0116 42.4146 41.7852 41.1218 40.4228 39.6863 38.9102 38.092 37.229 36.318 35.3553 34.3366 33.2566 32.1092 30.8869 29.5804 28.178 26.6646 25.02 23.2164 21.2132 18.9473 16.3095 13.0767 8.60233 
0.1 9.11043 13.4164 16.5831 19.1833 21.4243 23.4094 25.1992 26.8328 28.3373 29.7321 31.0322 32.249 33.3916 34.4674 35.4824 36.4417 37.3497 38.2099 39.0256 39.7995 40.5339 41.2311 41.8927 42.5206 43.1161 43.6807 44.2154 44.7214 45.1996 45.6508 46.076 46.4758 46.8508 47.2017 47.5289 47.833 48.1144 48.3735 48.6107 48.8262 49.0204 49.1935 49.3457 49.4773 49.5883 49.679 49.7494 49.7996 49.8297 49.8397 49.8297 49.7996 49.7494 49.679 49.5883 49.4773 49.3457 49.1935 49.0204 48.8262 48.6107 48.3735 48.1144 47.833 47.5289 47.2017 46.8508 46.4758 46.076 45.6508 45.1996 44.7214 44.2154 43.6807 43.1161 42.5206 41.8927 41.2311 40.5339 39.7995 39.0256 38.2099 37.3497 36.4417 35.4824 34.4674 33.3916 32.249 31.0322 29.7321 28.3373 26.8328 25.1992 23.4094 21.4243 19.1833 16.5831 13.4164 9.11043 
0.1 9.48683 13.6748 16.7929 19.3649 21.587 23.5584 25.3377 26.9629 28.4605 29.8496 31.1448 32.3574 33.4963 34.5688 35.5809 36.5377 37.4433 38.3014 39.1152 39.8873 40.6202 41.3159 41.9762 42.6028 43.1972 43.7607 44.2945 44.7996 45.2769 45.7275 46.1519 46.551 46.9255 47.2758 47.6025 47.9062 48.1871 48.4458 48.6826 48.8979 49.0918 49.2646 49.4166 49.548 49.6588 49.7494 49.8197 49.8698 49.8999 49.9099 49.8999 49.8698 49.8197 49.7494 49.6588 49.548 49.4166 49.2646 49.0918 48.8979 48.6826 48.4458 48.1871 47.9062 47.6025 47.2758 46.9255 46.551 46.1519 45.7275 45.2769 44.7996 44.2945 43.7607 43.1972 42.6028 41.9762 41.3159 40.6202 39.8873 39.1152 38.3014 37.4433 36.5377 35.5809 34.5688 33.4963 32.3574 31.1448 29.8496 28.4605 26.9629 25.3377 23.5584 21.587 19.3649 16.7929 13.6748 9.48683 
0.1 9.74679 13.8564 16.9411 19.4936 21.7025 23.6643 25.4362 27.0555 28.5482 29.9333 31.225 32.4346 33.5708 34.641 35.6511 36.606 37.51 38.3667 39.1791 39.95 40.6817 41.3763 42.0357 42.6615 43.2551 43.8178 44.3509 44.8553 45.3321 45.7821 46.2061 46.6047 46.9787 47.3286 47.655 47.9583 48.239 48.4974 48.734 48.949 49.1427 49.3153 49.4672 49.5984 49.7092 49.7996 49.8698 49.9199 49.95 49.96 49.95 49.9199 49.8698 49.7996 49.7092 49.5984 49.4672 49.3153 49.1427 48.949 48.734 48.4974 48.239 47.9583 47.655 47.3286 46.9787 46.6047 46.2061 45.7821 45.3321 44.8553 44.3509 43.8178 43.2551 42.6615 42.0357 41.3763 40.6817 39.95 39.1791 38.3667 37.51 36.606 35.6511 34.641 33.5708 32.4346 31.225 29.9333 28.5482 27.0555 25.4362 23.6643 21.7025 19.4936 16.9411 13.8564 9.74679 
0.1 9.8995 13.9642 17.0294 19.5704 21.7715 23.7276 25.4951 27.1109 28.6007 29.9833 31.273 32.4808 33.6155 34.6843 35.6931 36.647 37.55 38.4057 39.2173 39.9875 40.7185 41.4126 42.0714 42.6966 43.2897 43.852 44.3847 44.8888 45.3652 45.8148 46.2385 46.6369 47.0106 47.3603 47.6865 47.9896 48.2701 48.5283 48.7647 48.9796 49.1732 49.3457 49.4975 49.6286 49.7393 49.8297 49.8999 49.95 49.98 49.99 49.98 49.95 49.8999 49.8297 49.7393 49.6286 49.4975 49.3457 49.1732 48.9796 48.7647 48.5283 48.2701 47.9896 47.6865 47.3603 47.0106 46.6369 46.2385 45.8148 45.3652 44.8888 44.3847 43.852 43.2897 42.6966 42.0714 41.4126 40.7185 39.9875 39.2173 38.4057 37.55 36.647 35.6931 34.6843 33.6155 32.4808 31.273 29.9833 28.6007 27.1109 25.4951 23.7276 21.7715 19.5704 17.0294 13.9642 9.8995 
0.1 9.94987 14 17.0587 19.5959 21.7945 23.7487 25.5147 27.1293 28.6182 30 31.289 32.4962 33.6303 34.6987 35.7071 36.6606 37.5633 38.4187 39.2301 40 40.7308 41.4246 42.0833 42.7083 43.3013 43.8634 44.3959 44.8999 45.3762 45.8258 46.2493 46.6476 47.0213 47.3709 47.697 48 48.2804 48.5386 48.775 48.9898 49.1833 49.3559 49.5076 49.6387 49.7494 49.8397 49.9099 49.96 49.99 50 49.99 49.96 49.9099 49.8397 49.7494 49.6387 49.5076 49.3559 49.1833 48.9898 48.775 48.5386 48.2804 48 47.697 47.3709 47.0213 46.6476 46.2493 45.8258 45.3762 44.8999 44.3959 43.8634 43.3013 42.7083 42.0833 41.4246 40.7308 40 39.2301 38.4187 37.5633 36.6606 35.7071 34.6987 33.6303 32.4962 31.289 30 28.6182 27.1293 25.5147 23.7487 21.7945 19.5959 17.0587 14 9.94987 
0.1 9.8995 13.9642 17.0294 19.5704 21.7715 23.7276 25.4951 27.1109 28.6007 29.9833 31.273 32.4808 33.6155 34.6843 35.6931 36.647 37.55 38.4057 39.2173 39.9875 40.7185 41.4126 42.0714 42.6966 43.2897 43.852 44.3847 44.8888 45.3652 45.8148 46.2385 46.6369 47.0106 47.3603 47.6865 47.9896 48.2701 48.5283 48.7647 48.9796 49.1732 49.3457 49.4975 49.6286 49.7393 49.8297 49.8999 49.95 49.98 49.99 49.98 49.95 49.8999 49.8297 49.7393 49.6286 49.4975 49.3457 49.1732 48.9796 48.7647 48.5283 48.2701 47.9896 47.6865 47.3603 47.0106 46.6369 46.2385 45.8148 45.3652 44.8888 44.3847 43.852 43.2897 42.6966 42.0714 41.4126 40.7185 39.9875 39.2173 38.4057 37.55 36.647 35.6931 34.6843 33.6155 32.4808 31.273 29.9833 28.6007 27.1109 25.4951 23.7276 21.7715 19.5704 17.0294 13.9642 9.8995 
0.1 9.74679 13.8564 16.9411 19.4936 21.7025 23.6643 25.4362 27.0555 28.5482 29.9333 31.225 32.4346 33.5708 34.641 35.6511 36.606 37.51 38.3667 39.1791 39.95 40.6817 41.3763 42.0357 42.6615 43.2551 43.8178 44.3509 44.8553 45.3321 45.7821 46.2061 46.6047 46.9787 47.3286 47.655 47.9583 48.239 48.4974 48.734 48.949 49.1427 49.3153 49.4672 49.5984 49.7092 49.7996 49.8698 49.9199 49.95 49.96 49.95 49.9199 49.8698 49.7996 49.7092 49.5984 49.4672 49.3153 49.1427 48.949 48.734 48.4974 48.239 47.9583 47.655 47.3286 46.9787 46.6047 46.2061 45.7821 45.3321 44.8553 44.3509 43.8178 43.2551 42.6615 42.0357 41.3763 40.6817 39.95 39.1791 38.3667 37.51 36.606 35.6511 34.641 33.5708 32.4346 31.225 29.9333 28.5482 27.0555 25.4362 23.6643 21.7025 19.4936 16.9411 13.8564 9.74679 
0.1 9.48683 13.6748 16.7929 19.3649 21.587 23.5584 25.3377 26.9629 28.4605 29.8496 31.1448 32.3574 33.4963 34.5688 35.5809 36.5377 37.4433 38.3014 39.1152 39.8873 40.6202 41.3159 41.9762 42.6028 43.1972 43.7607 44.2945 44.7996 45.2769 45.7275 46.1519 46.551 46.9255 47.2758 47.6025 47.9062 48.1871 48.4458 48.6826 48.8979 49.0918 49.2646 49.4166 49.548 49.6588 49.7494 49.8197 49.8698 49.8999 49.9099 49.8999 49.8698 49.8197 49.7494 49.6588 49.548 49.4166 49.2646 49.0918 48.8979 48.6826 48.4458 48.1871 47.9062 47.6025 47.2758 46.9255 46.551 46.1519 45.7275 45.2769 44.7996 44.2945 43.7607 43.1972 42.6028 41.9762 41.3159 40.6202 39.8873 39.1152 38.3014 37.4433 36.5377 35.5809 34.5688 33.4963 32.3574 31.1448 29.8496 28.4605 26.9629 25.3377 23.5584 21.587 19.3649 16.7929 13.6748 9.48683 
0.1 9.11043 13.4164 16.5831 19.1833 21.4243 23.4094 25.1992 26.8328 28.3373 29.7321 31.0322 32.249 33.3916 34.4674 35.4824 36.4417 37.3497 38.2099 39.0256 39.7995 40.5339 41.2311 41.8927 42.5206 43.1161 43.6807 44.2154 44.7214 45.1996 45.6508 46.076 46.4758 46.8508 47.2017 47.5289 47.833 48.1144 48.3735 48.6107 48.8262 49.0204 49.1935 49.3457 49.4773 49.5883 49.679 49.7494 49.7996 49.8297 49.8397 49.8297 49.7996 49.7494 49.679 49.5883 49.4773 49.3457 49.1935 49.0204 48.8262 48.6107 48.3735 48.1144 47.833 47.5289 47.2017 46.8508 46.4758 46.076 45.6508 45.1996 44.7214 44.2154 43.6807 43.1161 42.5206 41.8927 41.2311 40.5339 39.7995 39.0256 38.2099 37.3497 36.4417 35.4824 34.4674 33.3916 32.249 31.0322 29.7321 28.3373 26.8328 25.1992 23.4094 21.4243 19.1833 16.5831 13.4164 9.11043 
0.1 8.60233 13.0767 16.3095 18.9473 21.2132 23.2164 25.02 26.6646 28.178 29.5804 30.8869 32.1092 33.2566 34.3366 35.3553 36.318 37.229 38.092 38.9102 39.6863 40.4228 41.1218 41.7852 42.4146 43.0116 43.5775 44.1135 44.6206 45.0999 45.5522 45.9783 46.3789 46.7547 47.1063 47.4342 47.7389 48.0208 48.2804 48.518 48.734 48.9285 49.1019 49.2544 49.3862 49.4975 49.5883 49.6588 49.7092 49.7393 49.7494 49.7393 49.7092 49.6588 49.5883 49.4975 49.3862 49.2544 49.1019 48.9285 48.734 48.518 48.2804 48.0208 47.7389 47.4342 47.1063 46.7547 46.3789 45.9783 45.5522 45.0999 44.6206 44.1135 43.5775 43.0116 42.4146 41.7852 41.1218 40.4228 39.6863 38.9102 38.092 37.229 36.318 35.3553 34.3366 33.2566 32.1092 30.8869 29.5804 28.178 26.6646 25.02 23.2164 21.2132 18.9473 16.3095 13.0767 8.60233 
