0.3 0.1 0.1 0.1 0.1 0.1 0.1 0.1 0.1 0.1 
0.1 0.1 0.1 2.23607 2.82843 3 2.82843 2.23607 0.1 0.1 
0.1 0.1 2.64575 3.4641 3.87298 4 3.87298 3.4641 2.64575 0.1 
0.1 2.23607 3.4641 4.12311 4.47214 4.58258 4.47214 4.12311 3.4641 2.23607 
0.1 2.82843 3.87298 4.47214 4.79583 4.89898 4.79583 4.47214 3.87298 2.82843 
0.1 3 4 4.58258 4.89898 5 4.89898 4.58258 4 3 
0.1 2.82843 3.87298 4.47214 4.79583 4.89898 4.79583 4.47214 3.87298 2.82843 
0.1 2.23607 3.4641 4.12311 4.47214 4.58258 4.47214 4.12311 3.4641 2.23607 
0.1 0.1 2.64575 3.4641 3.87298 4 3.87298 3.4641 2.64575 0.1 
0.1 0.1 0.1 2.23607 2.82843 3 2.82843 2.23607 0.1 0.1 
